What is "Virgil Abloh?",Virgil Abloh,100
